              precision    recall  f1-score   support

          10     0.7500    1.0000    0.8571         3
          12     1.0000    1.0000    1.0000         3
          14     0.7500    1.0000    0.8571         3
          16     1.0000    0.6667    0.8000         3
          18     1.0000    0.6667    0.8000         3
           6     1.0000    0.8000    0.8889         5
           8     0.6667    0.6667    0.6667         3
        CTRL     0.7778    0.8750    0.8235         8

    accuracy                         0.8387        31
   macro avg     0.8681    0.8344    0.8367        31
weighted avg     0.8620    0.8387    0.8379        31
