              precision    recall  f1-score   support

          10     0.6000    1.0000    0.7500         3
          12     1.0000    1.0000    1.0000         3
          14     1.0000    0.6667    0.8000         3
          16     1.0000    1.0000    1.0000         3
          18     0.0000    0.0000    0.0000         3
           6     1.0000    0.8000    0.8889         5
           8     0.5000    1.0000    0.6667         3
        CTRL     0.7500    0.7500    0.7500         8

    accuracy                         0.7742        31
   macro avg     0.7312    0.7771    0.7319        31
weighted avg     0.7516    0.7742    0.7450        31
