              precision    recall  f1-score   support

          10     1.0000    1.0000    1.0000         3
          12     0.6000    1.0000    0.7500         3
          14     0.0000    0.0000    0.0000         3
          16     1.0000    0.6667    0.8000         3
          18     0.7500    1.0000    0.8571         3
           6     1.0000    0.8000    0.8889         5
           8     1.0000    0.6667    0.8000         3
        CTRL     0.8889    1.0000    0.9412         8

    accuracy                         0.8065        31
   macro avg     0.7799    0.7667    0.7547        31
weighted avg     0.8116    0.8065    0.7934        31
