              precision    recall  f1-score   support

          10     0.5000    0.6667    0.5714         3
          12     1.0000    0.6667    0.8000         3
          14     1.0000    0.6667    0.8000         3
          16     0.6000    1.0000    0.7500         3
          18     1.0000    0.3333    0.5000         3
           6     0.8333    1.0000    0.9091         5
           8     1.0000    0.6667    0.8000         3
        CTRL     0.8889    1.0000    0.9412         8

    accuracy                         0.8065        31
   macro avg     0.8528    0.7500    0.7590        31
weighted avg     0.8573    0.8065    0.7980        31
