              precision    recall  f1-score   support

          10     0.4286    1.0000    0.6000         3
          12     1.0000    1.0000    1.0000         3
          14     0.2500    0.3333    0.2857         3
          16     1.0000    0.6667    0.8000         3
          18     0.0000    0.0000    0.0000         3
           6     1.0000    0.8000    0.8889         5
           8     1.0000    0.6667    0.8000         3
        CTRL     1.0000    1.0000    1.0000         8

    accuracy                         0.7419        31
   macro avg     0.7098    0.6833    0.6718        31
weighted avg     0.7753    0.7419    0.7388        31
