              precision    recall  f1-score   support

          10     0.5000    0.6667    0.5714         3
          12     0.7500    1.0000    0.8571         3
          14     1.0000    0.3333    0.5000         3
          16     1.0000    1.0000    1.0000         3
          18     0.0000    0.0000    0.0000         3
           6     0.8333    1.0000    0.9091         5
           8     0.7500    1.0000    0.8571         3
        CTRL     0.8889    1.0000    0.9412         8

    accuracy                         0.8065        31
   macro avg     0.7153    0.7500    0.7045        31
weighted avg     0.7509    0.8065    0.7559        31
