              precision    recall  f1-score   support

          10     0.5000    0.6667    0.5714         3
          12     0.7500    1.0000    0.8571         3
          14     0.6667    0.6667    0.6667         3
          16     1.0000    0.6667    0.8000         3
          18     1.0000    0.3333    0.5000         3
           6     0.8333    1.0000    0.9091         5
           8     1.0000    0.6667    0.8000         3
        CTRL     0.8889    1.0000    0.9412         8

    accuracy                         0.8065        31
   macro avg     0.8299    0.7500    0.7557        31
weighted avg     0.8396    0.8065    0.7955        31
