              precision    recall  f1-score   support

          10     1.0000    1.0000    1.0000         3
          12     1.0000    0.6667    0.8000         3
          14     0.6667    0.6667    0.6667         3
          16     1.0000    1.0000    1.0000         3
          18     0.6667    0.6667    0.6667         3
           6     1.0000    1.0000    1.0000         5
           8     0.7500    1.0000    0.8571         3
        CTRL     1.0000    1.0000    1.0000         8

    accuracy                         0.9032        31
   macro avg     0.8854    0.8750    0.8738        31
weighted avg     0.9113    0.9032    0.9023        31
