              precision    recall  f1-score   support

          10     1.0000    1.0000    1.0000         3
          12     1.0000    1.0000    1.0000         3
          14     0.0000    0.0000    0.0000         3
          16     0.6667    0.6667    0.6667         3
          18     0.6667    0.6667    0.6667         3
           6     0.8000    0.8000    0.8000         5
           8     1.0000    1.0000    1.0000         3
        CTRL     1.0000    1.0000    1.0000         8

    accuracy                         0.8065        31
   macro avg     0.7667    0.7667    0.7667        31
weighted avg     0.8065    0.8065    0.8065        31
