              precision    recall  f1-score   support

          10     0.5000    1.0000    0.6667         3
          12     0.5000    0.6667    0.5714         3
          14     0.0000    0.0000    0.0000         3
          16     1.0000    0.6667    0.8000         3
          18     0.0000    0.0000    0.0000         3
           6     0.7143    1.0000    0.8333         5
           8     0.0000    0.0000    0.0000         3
        CTRL     0.7273    1.0000    0.8421         8

    accuracy                         0.6452        31
   macro avg     0.4302    0.5417    0.4642        31
weighted avg     0.4964    0.6452    0.5490        31
