              precision    recall  f1-score   support

          10     1.0000    1.0000    1.0000         3
          12     1.0000    1.0000    1.0000         3
          14     0.7500    1.0000    0.8571         3
          16     1.0000    1.0000    1.0000         3
          18     1.0000    0.6667    0.8000         3
           6     1.0000    0.8000    0.8889         5
           8     1.0000    1.0000    1.0000         3
        CTRL     0.8889    1.0000    0.9412         8

    accuracy                         0.9355        31
   macro avg     0.9549    0.9333    0.9359        31
weighted avg     0.9471    0.9355    0.9337        31
