              precision    recall  f1-score   support

          10     0.6000    1.0000    0.7500         3
          12     1.0000    0.6667    0.8000         3
          14     0.4000    0.6667    0.5000         3
          16     0.7500    1.0000    0.8571         3
          18     0.0000    0.0000    0.0000         3
           6     1.0000    0.8000    0.8889         5
           8     1.0000    0.6667    0.8000         3
        CTRL     0.8889    1.0000    0.9412         8

    accuracy                         0.7742        31
   macro avg     0.7049    0.7250    0.6922        31
weighted avg     0.7536    0.7742    0.7450        31
