              precision    recall  f1-score   support

          10     0.6667    0.6667    0.6667         3
          12     0.7500    1.0000    0.8571         3
          14     1.0000    0.6667    0.8000         3
          16     1.0000    0.6667    0.8000         3
          18     0.0000    0.0000    0.0000         3
           6     0.7143    1.0000    0.8333         5
           8     1.0000    0.6667    0.8000         3
        CTRL     0.7273    1.0000    0.8421         8

    accuracy                         0.7742        31
   macro avg     0.7323    0.7083    0.6999        31
weighted avg     0.7303    0.7742    0.7314        31
