              precision    recall  f1-score   support

          10     0.6667    0.6667    0.6667         3
          12     0.6000    1.0000    0.7500         3
          14     0.5000    0.3333    0.4000         3
          16     1.0000    0.6667    0.8000         3
          18     1.0000    0.6667    0.8000         3
           6     1.0000    1.0000    1.0000         5
           8     0.7500    1.0000    0.8571         3
        CTRL     1.0000    1.0000    1.0000         8

    accuracy                         0.8387        31
   macro avg     0.8146    0.7917    0.7842        31
weighted avg     0.8565    0.8387    0.8329        31
