              precision    recall  f1-score   support

          10     0.7500    1.0000    0.8571         3
          12     0.7500    1.0000    0.8571         3
          14     1.0000    0.6667    0.8000         3
          16     1.0000    1.0000    1.0000         3
          18     1.0000    0.6667    0.8000         3
           6     1.0000    1.0000    1.0000         5
           8     1.0000    1.0000    1.0000         3
        CTRL     1.0000    1.0000    1.0000         8

    accuracy                         0.9355        31
   macro avg     0.9375    0.9167    0.9143        31
weighted avg     0.9516    0.9355    0.9336        31
