              precision    recall  f1-score   support

          10     1.0000    0.3333    0.5000         3
          12     1.0000    1.0000    1.0000         3
          14     0.4000    0.6667    0.5000         3
          16     1.0000    0.6667    0.8000         3
          18     0.5000    0.3333    0.4000         3
           6     1.0000    0.8000    0.8889         5
           8     0.7500    1.0000    0.8571         3
        CTRL     0.8000    1.0000    0.8889         8

    accuracy                         0.7742        31
   macro avg     0.8062    0.7250    0.7294        31
weighted avg     0.8177    0.7742    0.7654        31
