              precision    recall  f1-score   support

          10     1.0000    0.3333    0.5000         3
          12     0.7500    1.0000    0.8571         3
          14     0.6000    1.0000    0.7500         3
          16     1.0000    1.0000    1.0000         3
          18     0.0000    0.0000    0.0000         3
           6     0.8333    1.0000    0.9091         5
           8     0.7500    1.0000    0.8571         3
        CTRL     1.0000    1.0000    1.0000         8

    accuracy                         0.8387        31
   macro avg     0.7417    0.7917    0.7342        31
weighted avg     0.7892    0.8387    0.7883        31
