              precision    recall  f1-score   support

          10     1.0000    1.0000    1.0000         3
          12     0.7500    1.0000    0.8571         3
          14     0.7500    1.0000    0.8571         3
          16     1.0000    1.0000    1.0000         3
          18     0.0000    0.0000    0.0000         3
           6     1.0000    1.0000    1.0000         5
           8     1.0000    0.6667    0.8000         3
        CTRL     0.8000    1.0000    0.8889         8

    accuracy                         0.8710        31
   macro avg     0.7875    0.8333    0.8004        31
weighted avg     0.8032    0.8710    0.8275        31
