              precision    recall  f1-score   support

          10     0.3333    0.3333    0.3333         3
          12     0.6000    1.0000    0.7500         3
          14     1.0000    0.6667    0.8000         3
          16     1.0000    1.0000    1.0000         3
          18     0.5000    0.3333    0.4000         3
           6     1.0000    1.0000    1.0000         5
           8     1.0000    0.3333    0.5000         3
        CTRL     0.8000    1.0000    0.8889         8

    accuracy                         0.7742        31
   macro avg     0.7792    0.7083    0.7090        31
weighted avg     0.7968    0.7742    0.7568        31
