              precision    recall  f1-score   support

          10     0.3333    0.3333    0.3333         3
          12     0.6000    1.0000    0.7500         3
          14     1.0000    1.0000    1.0000         3
          16     1.0000    1.0000    1.0000         3
          18     0.0000    0.0000    0.0000         3
           6     0.8333    1.0000    0.9091         5
           8     1.0000    0.6667    0.8000         3
        CTRL     0.8889    1.0000    0.9412         8

    accuracy                         0.8065        31
   macro avg     0.7069    0.7500    0.7167        31
weighted avg     0.7444    0.8065    0.7653        31
