              precision    recall  f1-score   support

          10     1.0000    0.3333    0.5000         3
          12     1.0000    0.3333    0.5000         3
          14     0.7500    1.0000    0.8571         3
          16     0.7500    1.0000    0.8571         3
          18     0.3333    0.3333    0.3333         3
           6     1.0000    0.8000    0.8889         5
           8     0.7500    1.0000    0.8571         3
        CTRL     0.8000    1.0000    0.8889         8

    accuracy                         0.7742        31
   macro avg     0.7979    0.7250    0.7103        31
weighted avg     0.8113    0.7742    0.7506        31
