              precision    recall  f1-score   support

          10     1.0000    1.0000    1.0000         3
          12     1.0000    1.0000    1.0000         3
          14     1.0000    1.0000    1.0000         3
          16     1.0000    1.0000    1.0000         3
          18     1.0000    0.3333    0.5000         3
           6     1.0000    0.8000    0.8889         5
           8     0.6667    0.6667    0.6667         3
        CTRL     0.7273    1.0000    0.8421         8

    accuracy                         0.8710        31
   macro avg     0.9242    0.8500    0.8622        31
weighted avg     0.8974    0.8710    0.8607        31
