              precision    recall  f1-score   support

          10     0.3333    0.3333    0.3333         3
          12     0.6000    1.0000    0.7500         3
          14     1.0000    1.0000    1.0000         3
          16     1.0000    1.0000    1.0000         3
          18     0.0000    0.0000    0.0000         3
           6     0.6667    0.8000    0.7273         5
           8     1.0000    0.6667    0.8000         3
        CTRL     0.8889    1.0000    0.9412         8

    accuracy                         0.7742        31
   macro avg     0.6861    0.7250    0.6940        31
weighted avg     0.7176    0.7742    0.7360        31
