              precision    recall  f1-score   support

          10     0.6667    0.6667    0.6667         3
          12     1.0000    0.6667    0.8000         3
          14     0.7500    1.0000    0.8571         3
          16     1.0000    1.0000    1.0000         3
          18     0.0000    0.0000    0.0000         3
           6     1.0000    1.0000    1.0000         5
           8     1.0000    0.6667    0.8000         3
        CTRL     0.7273    1.0000    0.8421         8

    accuracy                         0.8065        31
   macro avg     0.7680    0.7500    0.7457        31
weighted avg     0.7764    0.8065    0.7777        31
