              precision    recall  f1-score   support

          10     0.5000    1.0000    0.6667         3
          12     1.0000    0.6667    0.8000         3
          14     1.0000    1.0000    1.0000         3
          16     1.0000    1.0000    1.0000         3
          18     0.0000    0.0000    0.0000         3
           6     1.0000    0.8000    0.8889         5
           8     0.7500    1.0000    0.8571         3
        CTRL     0.8889    1.0000    0.9412         8

    accuracy                         0.8387        31
   macro avg     0.7674    0.8083    0.7692        31
weighted avg     0.8020    0.8387    0.8047        31
