              precision    recall  f1-score   support

          10     0.5000    0.3333    0.4000         3
          12     0.7500    1.0000    0.8571         3
          14     1.0000    0.6667    0.8000         3
          16     0.7500    1.0000    0.8571         3
          18     0.0000    0.0000    0.0000         3
           6     0.8333    1.0000    0.9091         5
           8     1.0000    0.6667    0.8000         3
        CTRL     0.8000    1.0000    0.8889         8

    accuracy                         0.7742        31
   macro avg     0.7042    0.7083    0.6890        31
weighted avg     0.7280    0.7742    0.7355        31
