              precision    recall  f1-score   support

          10     0.6000    1.0000    0.7500         3
          12     1.0000    1.0000    1.0000         3
          14     1.0000    1.0000    1.0000         3
          16     1.0000    1.0000    1.0000         3
          18     1.0000    0.3333    0.5000         3
           6     0.8333    1.0000    0.9091         5
           8     1.0000    0.6667    0.8000         3
        CTRL     1.0000    1.0000    1.0000         8

    accuracy                         0.9032        31
   macro avg     0.9292    0.8750    0.8699        31
weighted avg     0.9344    0.9032    0.8934        31
