              precision    recall  f1-score   support

          10     0.5000    0.3333    0.4000         3
          12     0.7500    1.0000    0.8571         3
          14     1.0000    1.0000    1.0000         3
          16     1.0000    1.0000    1.0000         3
          18     0.0000    0.0000    0.0000         3
           6     1.0000    1.0000    1.0000         5
           8     0.7500    1.0000    0.8571         3
        CTRL     0.8000    1.0000    0.8889         8

    accuracy                         0.8387        31
   macro avg     0.7250    0.7917    0.7504        31
weighted avg     0.7548    0.8387    0.7888        31
