              precision    recall  f1-score   support

          10     0.7500    1.0000    0.8571         3
          12     1.0000    1.0000    1.0000         3
          14     0.7500    1.0000    0.8571         3
          16     1.0000    1.0000    1.0000         3
          18     1.0000    0.6667    0.8000         3
           6     1.0000    1.0000    1.0000         5
           8     0.6667    0.6667    0.6667         3
        CTRL     1.0000    0.8750    0.9333         8

    accuracy                         0.9032        31
   macro avg     0.8958    0.9010    0.8893        31
weighted avg     0.9194    0.9032    0.9035        31
