              precision    recall  f1-score   support

          10     0.3333    0.3333    0.3333         3
          12     1.0000    1.0000    1.0000         3
          14     0.6667    0.6667    0.6667         3
          16     0.7500    1.0000    0.8571         3
          18     0.0000    0.0000    0.0000         3
           6     0.7143    1.0000    0.8333         5
           8     1.0000    0.6667    0.8000         3
        CTRL     0.8889    1.0000    0.9412         8

    accuracy                         0.7742        31
   macro avg     0.6691    0.7083    0.6790        31
weighted avg     0.7075    0.7742    0.7312        31
