              precision    recall  f1-score   support

          10     0.6000    1.0000    0.7500         3
          12     1.0000    1.0000    1.0000         3
          14     1.0000    1.0000    1.0000         3
          16     1.0000    1.0000    1.0000         3
          18     0.0000    0.0000    0.0000         3
           6     1.0000    1.0000    1.0000         5
           8     1.0000    1.0000    1.0000         3
        CTRL     0.8889    1.0000    0.9412         8

    accuracy                         0.9032        31
   macro avg     0.8111    0.8750    0.8364        31
weighted avg     0.8358    0.9032    0.8639        31
