              precision    recall  f1-score   support

          10     1.0000    1.0000    1.0000         3
          12     1.0000    1.0000    1.0000         3
          14     1.0000    1.0000    1.0000         3
          16     1.0000    1.0000    1.0000         3
          18     1.0000    1.0000    1.0000         3
           6     1.0000    1.0000    1.0000         5
           8     1.0000    1.0000    1.0000         3
        CTRL     1.0000    1.0000    1.0000         8

    accuracy                         1.0000        31
   macro avg     1.0000    1.0000    1.0000        31
weighted avg     1.0000    1.0000    1.0000        31
