              precision    recall  f1-score   support

          10     0.0000    0.0000    0.0000         3
          12     0.7500    1.0000    0.8571         3
          14     1.0000    1.0000    1.0000         3
          16     1.0000    0.6667    0.8000         3
          18     0.0000    0.0000    0.0000         3
           6     0.8333    1.0000    0.9091         5
           8     0.6000    1.0000    0.7500         3
        CTRL     0.7778    0.8750    0.8235         8

    accuracy                         0.7419        31
   macro avg     0.6201    0.6927    0.6425        31
weighted avg     0.6593    0.7419    0.6889        31
