              precision    recall  f1-score   support

          10     0.3333    0.3333    0.3333         3
          12     0.7500    1.0000    0.8571         3
          14     1.0000    0.3333    0.5000         3
          16     0.6000    1.0000    0.7500         3
          18     1.0000    0.3333    0.5000         3
           6     0.8333    1.0000    0.9091         5
           8     1.0000    0.6667    0.8000         3
        CTRL     0.7778    0.8750    0.8235         8

    accuracy                         0.7419        31
   macro avg     0.7868    0.6927    0.6841        31
weighted avg     0.7884    0.7419    0.7211        31
