              precision    recall  f1-score   support

          10     0.5000    0.6667    0.5714         3
          12     0.7500    1.0000    0.8571         3
          14     0.6667    0.6667    0.6667         3
          16     1.0000    1.0000    1.0000         3
          18     0.0000    0.0000    0.0000         3
           6     1.0000    1.0000    1.0000         5
           8     1.0000    0.6667    0.8000         3
        CTRL     0.8000    1.0000    0.8889         8

    accuracy                         0.8065        31
   macro avg     0.7146    0.7500    0.7230        31
weighted avg     0.7468    0.8065    0.7676        31
