              precision    recall  f1-score   support

          10     0.6667    0.6667    0.6667         3
          12     1.0000    1.0000    1.0000         3
          14     1.0000    0.6667    0.8000         3
          16     1.0000    1.0000    1.0000         3
          18     1.0000    0.3333    0.5000         3
           6     0.6250    1.0000    0.7692         5
           8     1.0000    0.6667    0.8000         3
        CTRL     0.8889    1.0000    0.9412         8

    accuracy                         0.8387        31
   macro avg     0.8976    0.7917    0.8096        31
weighted avg     0.8786    0.8387    0.8282        31
