              precision    recall  f1-score   support

          10     0.5000    0.3333    0.4000         3
          12     0.7500    1.0000    0.8571         3
          14     1.0000    1.0000    1.0000         3
          16     1.0000    1.0000    1.0000         3
          18     0.0000    0.0000    0.0000         3
           6     0.8333    1.0000    0.9091         5
           8     0.6667    0.6667    0.6667         3
        CTRL     0.7000    0.8750    0.7778         8

    accuracy                         0.7742        31
   macro avg     0.6813    0.7344    0.7013        31
weighted avg     0.6941    0.7742    0.7271        31
