              precision    recall  f1-score   support

          10     0.3333    0.3333    0.3333         3
          12     0.6000    1.0000    0.7500         3
          14     1.0000    0.3333    0.5000         3
          16     1.0000    1.0000    1.0000         3
          18     0.5000    0.3333    0.4000         3
           6     1.0000    1.0000    1.0000         5
           8     0.6000    1.0000    0.7500         3
        CTRL     1.0000    0.8750    0.9333         8

    accuracy                         0.7742        31
   macro avg     0.7542    0.7344    0.7083        31
weighted avg     0.8097    0.7742    0.7634        31
