              precision    recall  f1-score   support

          10     1.0000    1.0000    1.0000         3
          12     1.0000    1.0000    1.0000         3
          14     1.0000    1.0000    1.0000         3
          16     1.0000    1.0000    1.0000         3
          18     0.7500    1.0000    0.8571         3
           6     1.0000    1.0000    1.0000         5
           8     1.0000    0.6667    0.8000         3
        CTRL     1.0000    1.0000    1.0000         8

    accuracy                         0.9677        31
   macro avg     0.9688    0.9583    0.9571        31
weighted avg     0.9758    0.9677    0.9668        31
