              precision    recall  f1-score   support

          10     0.6000    1.0000    0.7500         3
          12     1.0000    0.6667    0.8000         3
          14     1.0000    0.6667    0.8000         3
          16     0.7500    1.0000    0.8571         3
          18     0.0000    0.0000    0.0000         3
           6     0.8333    1.0000    0.9091         5
           8     1.0000    1.0000    1.0000         3
        CTRL     0.8889    1.0000    0.9412         8

    accuracy                         0.8387        31
   macro avg     0.7590    0.7917    0.7572        31
weighted avg     0.7848    0.8387    0.7967        31
