              precision    recall  f1-score   support

          10     0.6667    0.6667    0.6667         3
          12     0.7500    1.0000    0.8571         3
          14     1.0000    1.0000    1.0000         3
          16     1.0000    1.0000    1.0000         3
          18     1.0000    0.3333    0.5000         3
           6     1.0000    1.0000    1.0000         5
           8     1.0000    1.0000    1.0000         3
        CTRL     0.8889    1.0000    0.9412         8

    accuracy                         0.9032        31
   macro avg     0.9132    0.8750    0.8706        31
weighted avg     0.9149    0.9032    0.8903        31
