              precision    recall  f1-score   support

          10     1.0000    0.3333    0.5000         3
          12     0.5000    0.6667    0.5714         3
          14     1.0000    0.6667    0.8000         3
          16     1.0000    1.0000    1.0000         3
          18     0.7500    1.0000    0.8571         3
           6     0.8333    1.0000    0.9091         5
           8     1.0000    1.0000    1.0000         3
        CTRL     1.0000    1.0000    1.0000         8

    accuracy                         0.8710        31
   macro avg     0.8854    0.8333    0.8297        31
weighted avg     0.9005    0.8710    0.8623        31
