              precision    recall  f1-score   support

          10     0.5000    0.6667    0.5714         3
          12     1.0000    1.0000    1.0000         3
          14     1.0000    0.6667    0.8000         3
          16     1.0000    0.6667    0.8000         3
          18     0.5000    0.3333    0.4000         3
           6     0.8333    1.0000    0.9091         5
           8     0.6000    1.0000    0.7500         3
        CTRL     0.8571    0.7500    0.8000         8

    accuracy                         0.7742        31
   macro avg     0.7863    0.7604    0.7538        31
weighted avg     0.8008    0.7742    0.7713        31
