              precision    recall  f1-score   support

          10     0.7500    1.0000    0.8571         3
          12     1.0000    1.0000    1.0000         3
          14     1.0000    1.0000    1.0000         3
          16     1.0000    1.0000    1.0000         3
          18     0.6667    0.6667    0.6667         3
           6     0.6250    1.0000    0.7692         5
           8     0.5000    0.3333    0.4000         3
        CTRL     1.0000    0.6250    0.7692         8

    accuracy                         0.8065        31
   macro avg     0.8177    0.8281    0.8078        31
weighted avg     0.8347    0.8065    0.7991        31
