              precision    recall  f1-score   support

          10     0.5000    1.0000    0.6667         3
          12     1.0000    1.0000    1.0000         3
          14     0.6667    0.6667    0.6667         3
          16     1.0000    1.0000    1.0000         3
          18     0.6667    0.6667    0.6667         3
           6     1.0000    1.0000    1.0000         5
           8     1.0000    0.3333    0.5000         3
        CTRL     1.0000    0.8750    0.9333         8

    accuracy                         0.8387        31
   macro avg     0.8542    0.8177    0.8042        31
weighted avg     0.8871    0.8387    0.8376        31
