              precision    recall  f1-score   support

          10     1.0000    0.3333    0.5000         3
          12     0.0000    0.0000    0.0000         3
          14     0.2857    0.6667    0.4000         3
          16     1.0000    1.0000    1.0000         3
          18     0.5000    0.3333    0.4000         3
           6     0.8333    1.0000    0.9091         5
           8     1.0000    0.6667    0.8000         3
        CTRL     0.8000    1.0000    0.8889         8

    accuracy                         0.7097        31
   macro avg     0.6774    0.6250    0.6122        31
weighted avg     0.7072    0.7097    0.6760        31
