              precision    recall  f1-score   support

          10     0.6667    0.6667    0.6667         3
          12     0.7500    1.0000    0.8571         3
          14     0.5000    0.3333    0.4000         3
          16     0.7500    1.0000    0.8571         3
          18     0.0000    0.0000    0.0000         3
           6     0.7143    1.0000    0.8333         5
           8     1.0000    0.6667    0.8000         3
        CTRL     0.8750    0.8750    0.8750         8

    accuracy                         0.7419        31
   macro avg     0.6570    0.6927    0.6612        31
weighted avg     0.6959    0.7419    0.7068        31
