              precision    recall  f1-score   support

          10     1.0000    0.6667    0.8000         3
          12     0.0000    0.0000    0.0000         3
          14     0.0000    0.0000    0.0000         3
          16     0.7500    1.0000    0.8571         3
          18     0.5000    0.3333    0.4000         3
           6     0.6667    0.8000    0.7273         5
           8     0.7500    1.0000    0.8571         3
        CTRL     0.8889    1.0000    0.9412         8

    accuracy                         0.6774        31
   macro avg     0.5694    0.6000    0.5728        31
weighted avg     0.6272    0.6774    0.6422        31
