              precision    recall  f1-score   support

          10     0.0000    0.0000    0.0000         3
          12     1.0000    0.3333    0.5000         3
          14     0.2500    0.3333    0.2857         3
          16     0.3750    1.0000    0.5455         3
          18     0.0000    0.0000    0.0000         3
           6     0.4444    0.8000    0.5714         5
           8     1.0000    0.6667    0.8000         3
        CTRL     1.0000    0.7500    0.8571         8

    accuracy                         0.5484        31
   macro avg     0.5087    0.4854    0.4450        31
weighted avg     0.5838    0.5484    0.5196        31
