              precision    recall  f1-score   support

          10     1.0000    0.3333    0.5000         3
          12     0.6000    1.0000    0.7500         3
          14     0.6667    0.6667    0.6667         3
          16     0.7500    1.0000    0.8571         3
          18     0.0000    0.0000    0.0000         3
           6     0.6667    0.8000    0.7273         5
           8     0.6000    1.0000    0.7500         3
        CTRL     0.8571    0.7500    0.8000         8

    accuracy                         0.7097        31
   macro avg     0.6426    0.6937    0.6314        31
weighted avg     0.6787    0.7097    0.6648        31
