              precision    recall  f1-score   support

          10     0.5000    0.3333    0.4000         3
          12     0.4000    0.6667    0.5000         3
          14     0.5000    0.3333    0.4000         3
          16     1.0000    1.0000    1.0000         3
          18     0.0000    0.0000    0.0000         3
           6     0.5714    0.8000    0.6667         5
           8     1.0000    0.6667    0.8000         3
        CTRL     0.7778    0.8750    0.8235         8

    accuracy                         0.6452        31
   macro avg     0.5937    0.5844    0.5738        31
weighted avg     0.6219    0.6452    0.6201        31
