              precision    recall  f1-score   support

          10     0.2000    0.3333    0.2500         3
          12     0.0000    0.0000    0.0000         3
          14     0.0000    0.0000    0.0000         3
          16     1.0000    1.0000    1.0000         3
          18     0.3333    0.3333    0.3333         3
           6     0.5714    0.8000    0.6667         5
           8     1.0000    1.0000    1.0000         3
        CTRL     0.8889    1.0000    0.9412         8

    accuracy                         0.6452        31
   macro avg     0.4992    0.5583    0.5239        31
weighted avg     0.5667    0.6452    0.6004        31
