              precision    recall  f1-score   support

          10     0.0000    0.0000    0.0000         3
          12     1.0000    0.3333    0.5000         3
          14     1.0000    0.3333    0.5000         3
          16     0.6000    1.0000    0.7500         3
          18     0.0000    0.0000    0.0000         3
           6     1.0000    0.6000    0.7500         5
           8     0.0000    0.0000    0.0000         3
        CTRL     0.5333    1.0000    0.6957         8

    accuracy                         0.5161        31
   macro avg     0.5167    0.4083    0.3995        31
weighted avg     0.5505    0.5161    0.4698        31
