              precision    recall  f1-score   support

          10     0.5000    0.3333    0.4000         3
          12     1.0000    0.3333    0.5000         3
          14     0.1667    0.3333    0.2222         3
          16     0.0000    0.0000    0.0000         3
          18     0.0000    0.0000    0.0000         3
           6     0.6667    0.8000    0.7273         5
           8     1.0000    0.6667    0.8000         3
        CTRL     0.7778    0.8750    0.8235         8

    accuracy                         0.5161        31
   macro avg     0.5139    0.4177    0.4341        31
weighted avg     0.5663    0.5161    0.5158        31
