              precision    recall  f1-score   support

          10     0.0000    0.0000    0.0000         3
          12     0.0000    0.0000    0.0000         3
          14     0.2500    0.6667    0.3636         3
          16     0.0000    0.0000    0.0000         3
          18     0.5000    0.3333    0.4000         3
           6     0.7500    0.6000    0.6667         5
           8     1.0000    0.6667    0.8000         3
        CTRL     0.8000    1.0000    0.8889         8

    accuracy                         0.5161        31
   macro avg     0.4125    0.4083    0.3899        31
weighted avg     0.4968    0.5161    0.4882        31
