              precision    recall  f1-score   support

          10     1.0000    0.3333    0.5000         3
          12     1.0000    0.6667    0.8000         3
          14     0.5000    0.6667    0.5714         3
          16     1.0000    1.0000    1.0000         3
          18     0.0000    0.0000    0.0000         3
           6     0.6667    0.8000    0.7273         5
           8     0.4286    1.0000    0.6000         3
        CTRL     0.8750    0.8750    0.8750         8

    accuracy                         0.7097        31
   macro avg     0.6838    0.6677    0.6342        31
weighted avg     0.7135    0.7097    0.6791        31
