              precision    recall  f1-score   support

          10     0.5000    0.3333    0.4000         3
          12     1.0000    0.6667    0.8000         3
          14     0.0000    0.0000    0.0000         3
          16     0.6000    1.0000    0.7500         3
          18     0.0000    0.0000    0.0000         3
           6     0.6250    1.0000    0.7692         5
           8     1.0000    0.6667    0.8000         3
        CTRL     0.7273    1.0000    0.8421         8

    accuracy                         0.6774        31
   macro avg     0.5565    0.5833    0.5452        31
weighted avg     0.5885    0.6774    0.6075        31
