              precision    recall  f1-score   support

          10     0.0000    0.0000    0.0000         3
          12     1.0000    1.0000    1.0000         3
          14     0.6000    1.0000    0.7500         3
          16     0.7500    1.0000    0.8571         3
          18     0.0000    0.0000    0.0000         3
           6     0.6250    1.0000    0.7692         5
           8     0.0000    0.0000    0.0000         3
        CTRL     0.7500    0.7500    0.7500         8

    accuracy                         0.6452        31
   macro avg     0.4656    0.5938    0.5158        31
weighted avg     0.5218    0.6452    0.5699        31
