              precision    recall  f1-score   support

          10     0.0000    0.0000    0.0000         3
          12     1.0000    0.6667    0.8000         3
          14     1.0000    0.6667    0.8000         3
          16     1.0000    1.0000    1.0000         3
          18     0.0000    0.0000    0.0000         3
           6     0.8000    0.8000    0.8000         5
           8     0.3000    1.0000    0.4615         3
        CTRL     0.8333    0.6250    0.7143         8

    accuracy                         0.6129        31
   macro avg     0.6167    0.5948    0.5720        31
weighted avg     0.6634    0.6129    0.6096        31
