              precision    recall  f1-score   support

          10     0.0000    0.0000    0.0000         3
          12     1.0000    1.0000    1.0000         3
          14     0.3333    0.6667    0.4444         3
          16     1.0000    1.0000    1.0000         3
          18     0.0000    0.0000    0.0000         3
           6     0.8333    1.0000    0.9091         5
           8     1.0000    0.6667    0.8000         3
        CTRL     0.8000    1.0000    0.8889         8

    accuracy                         0.7419        31
   macro avg     0.6208    0.6667    0.6303        31
weighted avg     0.6634    0.7419    0.6900        31
