              precision    recall  f1-score   support

          10     0.3333    0.3333    0.3333         3
          12     0.6000    1.0000    0.7500         3
          14     1.0000    1.0000    1.0000         3
          16     1.0000    1.0000    1.0000         3
          18     0.0000    0.0000    0.0000         3
           6     0.8333    1.0000    0.9091         5
           8     0.0000    0.0000    0.0000         3
        CTRL     0.7273    1.0000    0.8421         8

    accuracy                         0.7419        31
   macro avg     0.5617    0.6667    0.6043        31
weighted avg     0.6060    0.7419    0.6623        31
