              precision    recall  f1-score   support

          10     0.0000    0.0000    0.0000         3
          12     0.7500    1.0000    0.8571         3
          14     0.5000    0.3333    0.4000         3
          16     0.6000    1.0000    0.7500         3
          18     0.0000    0.0000    0.0000         3
           6     0.5000    0.8000    0.6154         5
           8     0.0000    0.0000    0.0000         3
        CTRL     0.7778    0.8750    0.8235         8

    accuracy                         0.5806        31
   macro avg     0.3910    0.5010    0.4308        31
weighted avg     0.4604    0.5806    0.5060        31
