              precision    recall  f1-score   support

          10     0.0000    0.0000    0.0000         3
          12     0.7500    1.0000    0.8571         3
          14     0.0000    0.0000    0.0000         3
          16     1.0000    1.0000    1.0000         3
          18     0.2500    0.3333    0.2857         3
           6     0.8333    1.0000    0.9091         5
           8     1.0000    0.3333    0.5000         3
        CTRL     0.6154    1.0000    0.7619         8

    accuracy                         0.6774        31
   macro avg     0.5561    0.5833    0.5392        31
weighted avg     0.5835    0.6774    0.5990        31
