              precision    recall  f1-score   support

          10     0.0000    0.0000    0.0000         3
          12     0.5000    1.0000    0.6667         3
          14     0.5000    0.3333    0.4000         3
          16     1.0000    1.0000    1.0000         3
          18     0.0000    0.0000    0.0000         3
           6     0.6250    1.0000    0.7692         5
           8     1.0000    0.6667    0.8000         3
        CTRL     0.7778    0.8750    0.8235         8

    accuracy                         0.6774        31
   macro avg     0.5503    0.6094    0.5574        31
weighted avg     0.5918    0.6774    0.6140        31
