              precision    recall  f1-score   support

          10     0.3333    0.6667    0.4444         3
          12     1.0000    0.3333    0.5000         3
          14     0.5000    0.3333    0.4000         3
          16     1.0000    1.0000    1.0000         3
          18     0.0000    0.0000    0.0000         3
           6     0.8333    1.0000    0.9091         5
           8     1.0000    0.6667    0.8000         3
        CTRL     0.8889    1.0000    0.9412         8

    accuracy                         0.7097        31
   macro avg     0.6944    0.6250    0.6243        31
weighted avg     0.7348    0.7097    0.6938        31
