              precision    recall  f1-score   support

          10     0.0000    0.0000    0.0000         3
          12     1.0000    0.3333    0.5000         3
          14     0.5000    0.3333    0.4000         3
          16     0.7500    1.0000    0.8571         3
          18     0.5000    0.6667    0.5714         3
           6     0.6250    1.0000    0.7692         5
           8     1.0000    0.6667    0.8000         3
        CTRL     0.8000    1.0000    0.8889         8

    accuracy                         0.7097        31
   macro avg     0.6469    0.6250    0.5983        31
weighted avg     0.6702    0.7097    0.6562        31
