              precision    recall  f1-score   support

          10     0.0000    0.0000    0.0000         3
          12     0.6667    0.6667    0.6667         3
          14     0.6667    0.6667    0.6667         3
          16     0.7500    1.0000    0.8571         3
          18     0.3333    0.3333    0.3333         3
           6     0.8000    0.8000    0.8000         5
           8     0.5000    1.0000    0.6667         3
        CTRL     0.8571    0.7500    0.8000         8

    accuracy                         0.6774        31
   macro avg     0.5717    0.6521    0.5988        31
weighted avg     0.6325    0.6774    0.6442        31
