              precision    recall  f1-score   support

          10     0.6667    0.6667    0.6667         3
          12     1.0000    0.6667    0.8000         3
          14     1.0000    0.6667    0.8000         3
          16     0.7500    1.0000    0.8571         3
          18     0.0000    0.0000    0.0000         3
           6     1.0000    1.0000    1.0000         5
           8     0.5000    1.0000    0.6667         3
        CTRL     0.8889    1.0000    0.9412         8

    accuracy                         0.8065        31
   macro avg     0.7257    0.7500    0.7165        31
weighted avg     0.7697    0.8065    0.7710        31
