              precision    recall  f1-score   support

          10     0.0000    0.0000    0.0000         3
          12     0.4286    1.0000    0.6000         3
          14     0.0000    0.0000    0.0000         3
          16     1.0000    1.0000    1.0000         3
          18     0.0000    0.0000    0.0000         3
           6     0.7143    1.0000    0.8333         5
           8     1.0000    0.6667    0.8000         3
        CTRL     0.8000    1.0000    0.8889         8

    accuracy                         0.6774        31
   macro avg     0.4929    0.5833    0.5153        31
weighted avg     0.5567    0.6774    0.5961        31
