                            precision              recall            f1-score          
                                 mean       std      mean       std      mean       std
model        augmentation                                                              
convnexttiny AugMix          0.584742  0.088386  0.556250  0.127188  0.537833  0.100245
             AutoAugment     0.575746  0.130105  0.606254  0.133780  0.558900  0.140909
             Flipping        0.593025  0.056425  0.651392  0.041673  0.605796  0.052214
             None            0.591963  0.066485  0.565625  0.144932  0.534275  0.120471
             RandAugment     0.524513  0.119361  0.611458  0.095627  0.555121  0.108489
             RandomErasing   0.587696  0.098889  0.594442  0.033683  0.573692  0.050224
             Shift           0.596625  0.114470  0.614583  0.018042  0.575454  0.052140
             TrivialAugment  0.520746  0.095607  0.525346  0.101334  0.500967  0.097726
densenet121  AugMix          0.770817  0.005440  0.777787  0.048108  0.764512  0.032109
             AutoAugment     0.784954  0.027520  0.825004  0.054641  0.793475  0.046766
             Flipping        0.724437  0.055008  0.736108  0.048111  0.712788  0.035867
             None            0.798592  0.113318  0.788892  0.072806  0.773492  0.086672
             RandAugment     0.722917  0.032697  0.761117  0.042764  0.727229  0.033925
             RandomErasing   0.877317  0.071272  0.897571  0.021048  0.874325  0.037248
             Shift           0.803704  0.108759  0.819450  0.048108  0.793988  0.065786
             TrivialAugment  0.750458  0.045615  0.755554  0.033689  0.728950  0.026951
resnet101    AugMix          0.762962  0.059661  0.755562  0.009624  0.732392  0.025909
             AutoAugment     0.717825  0.013200  0.750700  0.026045  0.708854  0.020656
             Flipping        0.821100  0.096757  0.797575  0.100995  0.793088  0.106392
             None            0.828012  0.095048  0.816675  0.086603  0.811867  0.088892
             RandAugment     0.775575  0.067021  0.750008  0.041656  0.731008  0.029657
             RandomErasing   0.909954  0.090078  0.872225  0.128112  0.874133  0.125824
             Shift           0.895837  0.037555  0.888896  0.024057  0.884521  0.026103
             TrivialAugment  0.616567  0.192459  0.647575  0.129304  0.610333  0.161813
resnet50     AugMix          0.805850  0.063752  0.776042  0.051302  0.761288  0.057068
             AutoAugment     0.718288  0.039019  0.758688  0.029619  0.727175  0.028151
             Flipping        0.903475  0.083600  0.883683  0.101036  0.876688  0.107342
             None            0.880208  0.060063  0.859379  0.049688  0.850583  0.056237
             RandAugment     0.818983  0.172284  0.814242  0.105247  0.798338  0.135110
             RandomErasing   0.906250  0.082680  0.902775  0.063653  0.891062  0.072031
             Shift           0.979167  0.018042  0.972225  0.024054  0.971425  0.024747
             TrivialAugment  0.796621  0.096420  0.730904  0.053207  0.728821  0.070120

